image_width: 1280
image_height: 720
camera_name: 137322071489
camera_matrix:
  rows: 3
  cols: 3
  data:
    [
      911.6417236328125,
      0.0,
      652.3843994140625,
      0.0,
      909.8317260742188,
      355.9108581542969,
      0.0,
      0.0,
      1.0,
    ]
distortion_model: plumb_bob
distortion_coefficients:
  rows: 1
  cols: 5
  data: [0.0, 0.0, 0.0, 0.0, 0.0]
rectification_matrix:
  rows: 3
  cols: 3
  data: [1.0, 0.0, 0.0, 0.0, 1.0, 0.0, 0.0, 0.0, 1.0]
projection_matrix:
  rows: 3
  cols: 4
  data:
    [
      911.6417236328125,
      0.0,
      652.3843994140625,
      0.0,
      0.0,
      909.8317260742188,
      355.9108581542969,
      0.0,
      0.0,
      0.0,
      1.0,
      0.0,
    ]
