image_width: 640
image_height: 480
camera_name: "blenderproc_camera"
camera_matrix:
  rows: 3
  cols: 3
  data:
    [
      888.8890923394098,
      0.0,
      319.5,
      0.0,
      888.8890923394098,
      239.5,
      0.0,
      0.0,
      1.0,
    ]
distortion_model: plumb_bob
distortion_coefficients:
  rows: 1
  cols: 5
  data: [0.0, 0.0, 0.0, 0.0, 0.0]
rectification_matrix:
  rows: 3
  cols: 3
  data: [1.0, 0.0, 0.0, 0.0, 1.0, 0.0, 0.0, 0.0, 1.0]
projection_matrix:
  rows: 3
  cols: 4
  data:
    [
      888.8890923394098,
      0.0,
      319.5,
      0.0,
      0.0,
      888.8890923394098,
      239.5,
      0.0,
      0.0,
      0.0,
      1.0,
      0.0,
    ]
